[component0]
name=sodium chloride (NaCl)
molar_mass=58.44
reference=fit to data from: CRC Handbook of Chemistry and Physics, 2009 (90th edition), p. 8-71
datafile=solutioncomponent001.dat
model=1
p1=1.004076
p2=-13.612447
p3=10.899979
p4=-3.831903
p5=3.587653

[component1]
name=D-glucose (c<1.5M)
molar_mass=180.16
reference=fit to data from: CRC Handbook of Chemistry and Physics, 2009 (90th edition), p. 8-59
datafile=solutioncomponent002_1.dat
model=1
p1=1.000335
p2=-29.539765
p3=54.595639
p4=35.740985
p5=130.390988


[component2]
name=D-glucose (1.5M<c<4M)
molar_mass=180.16
reference=fit to data from: CRC Handbook of Chemistry and Physics, 2009 (90th edition), p. 8-59
datafile=solutioncomponent002.dat
model=2
p1=0.995029
p2=145.369
p3=-3.70374
p4=1196.83
p5=-993.219
p6=385.593
p7=35.947
p8=-45.966
p9=7.45552
